0.000000e+00
0.000000e+00
0.000000e+00
0.000000e+00
0.000000e+00
7.771561e-16
0.000000e+00
0.000000e+00
0.000000e+00
0.000000e+00
0.000000e+00
0.000000e+00
0.000000e+00
0.000000e+00
0.000000e+00
0.000000e+00
0.000000e+00
0.000000e+00
0.000000e+00
0.000000e+00
0.000000e+00
0.000000e+00
0.000000e+00
0.000000e+00
0.000000e+00
0.000000e+00
0.000000e+00
0.000000e+00
0.000000e+00
0.000000e+00
0.000000e+00
0.000000e+00
0.000000e+00
0.000000e+00
0.000000e+00
0.000000e+00
0.000000e+00
0.000000e+00
0.000000e+00
0.000000e+00
0.000000e+00
0.000000e+00
0.000000e+00
0.000000e+00
0.000000e+00
0.000000e+00
0.000000e+00
0.000000e+00
0.000000e+00
0.000000e+00
0.000000e+00
0.000000e+00
0.000000e+00
0.000000e+00
4.440892e-16
-1.526557e-16
0.000000e+00
0.000000e+00
0.000000e+00
0.000000e+00
0.000000e+00
0.000000e+00
0.000000e+00
0.000000e+00
0.000000e+00
0.000000e+00
0.000000e+00
0.000000e+00
0.000000e+00
0.000000e+00
0.000000e+00
0.000000e+00
0.000000e+00
0.000000e+00
0.000000e+00
0.000000e+00
0.000000e+00
0.000000e+00
-1.332268e-15
-2.664535e-15
0.000000e+00
0.000000e+00
0.000000e+00
0.000000e+00
0.000000e+00
0.000000e+00
-8.881784e-16
1.554312e-15
2.676458e+01
3.066557e+01
0.000000e+00
0.000000e+00
0.000000e+00
0.000000e+00
-2.676458e+01
-3.066557e+01
1.537104e+00
1.000476e+01
0.000000e+00
0.000000e+00
0.000000e+00
0.000000e+00
0.000000e+00
0.000000e+00
0.000000e+00
0.000000e+00
-1.154366e+00
-9.748776e+00
0.000000e+00
0.000000e+00
0.000000e+00
0.000000e+00
-1.421085e-14
-5.329071e-15
-8.427243e+01
-1.043682e+02
1.953993e-14
-5.329071e-15
-7.105427e-15
3.552714e-15
-6.217249e-15
0.000000e+00
8.427244e+01
7.580478e+01
-8.427244e+01
-7.580478e+01
8.427243e+01
1.043682e+02
7.105427e-15
7.105427e-15
3.552714e-15
3.552714e-15
8.427244e+01
7.580478e+01
-8.427243e+01
-1.043682e+02
8.427243e+01
1.043682e+02
-8.427244e+01
-7.580478e+01
3.088105e+01
-7.158730e+00
0.000000e+00
0.000000e+00
0.000000e+00
0.000000e+00
0.000000e+00
0.000000e+00
0.000000e+00
0.000000e+00
-5.047553e+01
-2.657533e+01
-6.332925e+01
-3.534223e+01
0.000000e+00
0.000000e+00
0.000000e+00
0.000000e+00
3.656467e+01
4.676657e+00
2.220446e-16
-5.551115e-16
0.000000e+00
0.000000e+00
0.000000e+00
0.000000e+00
0.000000e+00
0.000000e+00
0.000000e+00
0.000000e+00
2.997602e-15
3.996803e-15
0.000000e+00
0.000000e+00
0.000000e+00
0.000000e+00
-3.088105e+01
7.158730e+00
0.000000e+00
0.000000e+00
0.000000e+00
0.000000e+00
0.000000e+00
0.000000e+00
0.000000e+00
0.000000e+00
5.047553e+01
2.657533e+01
-3.656467e+01
-4.676657e+00
0.000000e+00
0.000000e+00
0.000000e+00
0.000000e+00
6.332925e+01
3.534223e+01
-1.537104e+00
-1.000476e+01
0.000000e+00
0.000000e+00
0.000000e+00
0.000000e+00
0.000000e+00
0.000000e+00
0.000000e+00
0.000000e+00
1.154366e+00
9.748776e+00
0.000000e+00
0.000000e+00
0.000000e+00
0.000000e+00
0.000000e+00
0.000000e+00
-3.088105e+01
7.158730e+00
0.000000e+00
0.000000e+00
5.047553e+01
2.657533e+01
0.000000e+00
0.000000e+00
0.000000e+00
0.000000e+00
-3.656467e+01
-4.676657e+00
0.000000e+00
0.000000e+00
0.000000e+00
0.000000e+00
6.332925e+01
3.534223e+01
0.000000e+00
0.000000e+00
0.000000e+00
0.000000e+00
0.000000e+00
0.000000e+00
0.000000e+00
0.000000e+00
0.000000e+00
0.000000e+00
0.000000e+00
0.000000e+00
0.000000e+00
0.000000e+00
0.000000e+00
0.000000e+00
0.000000e+00
0.000000e+00
0.000000e+00
0.000000e+00
0.000000e+00
0.000000e+00
0.000000e+00
0.000000e+00
0.000000e+00
0.000000e+00
0.000000e+00
0.000000e+00
-8.881784e-16
8.881784e-16
8.881784e-16
2.997602e-15
0.000000e+00
0.000000e+00
0.000000e+00
0.000000e+00
0.000000e+00
0.000000e+00
0.000000e+00
0.000000e+00
0.000000e+00
0.000000e+00
0.000000e+00
0.000000e+00
0.000000e+00
0.000000e+00
0.000000e+00
0.000000e+00
0.000000e+00
0.000000e+00
0.000000e+00
0.000000e+00
0.000000e+00
0.000000e+00
3.088105e+01
-7.158730e+00
0.000000e+00
0.000000e+00
-5.047553e+01
-2.657533e+01
0.000000e+00
0.000000e+00
0.000000e+00
0.000000e+00
-6.332925e+01
-3.534223e+01
0.000000e+00
0.000000e+00
0.000000e+00
0.000000e+00
3.656467e+01
4.676657e+00
0.000000e+00
0.000000e+00
0.000000e+00
0.000000e+00
0.000000e+00
0.000000e+00
0.000000e+00
0.000000e+00
0.000000e+00
0.000000e+00
0.000000e+00
0.000000e+00
0.000000e+00
0.000000e+00
1.776357e-15
-8.881784e-16
0.000000e+00
0.000000e+00
-1.776357e-15
-8.881784e-16
0.000000e+00
0.000000e+00
0.000000e+00
0.000000e+00
-2.676458e+01
-3.066557e+01
0.000000e+00
0.000000e+00
0.000000e+00
0.000000e+00
2.676458e+01
3.066557e+01
0.000000e+00
0.000000e+00
0.000000e+00
0.000000e+00
0.000000e+00
0.000000e+00
0.000000e+00
0.000000e+00
0.000000e+00
0.000000e+00
0.000000e+00
0.000000e+00
0.000000e+00
0.000000e+00
0.000000e+00
0.000000e+00
0.000000e+00
0.000000e+00
0.000000e+00
0.000000e+00
0.000000e+00
0.000000e+00
0.000000e+00
0.000000e+00
0.000000e+00
0.000000e+00
-1.537104e+00
-1.000476e+01
0.000000e+00
0.000000e+00
1.154366e+00
9.748776e+00
0.000000e+00
0.000000e+00
0.000000e+00
0.000000e+00
0.000000e+00
0.000000e+00
0.000000e+00
0.000000e+00
0.000000e+00
0.000000e+00
1.537104e+00
1.000476e+01
0.000000e+00
0.000000e+00
-1.154366e+00
-9.748776e+00
0.000000e+00
0.000000e+00
0.000000e+00
0.000000e+00
0.000000e+00
0.000000e+00
0.000000e+00
0.000000e+00
0.000000e+00
0.000000e+00
3.552714e-15
-4.440892e-16
0.000000e+00
0.000000e+00
1.332268e-15
8.881784e-16
-2.979813e+01
-3.247562e+01
0.000000e+00
0.000000e+00
0.000000e+00
0.000000e+00
2.979813e+01
3.247562e+01
-5.683824e-01
5.020137e+00
0.000000e+00
0.000000e+00
-1.148707e+00
-6.988497e+00
0.000000e+00
0.000000e+00
0.000000e+00
0.000000e+00
-4.884981e-15
-3.996803e-15
3.129202e+01
3.983160e+01
5.336779e+01
8.980985e+01
-2.709591e+01
-2.777045e+01
-2.664535e-15
0.000000e+00
3.108624e-15
1.665335e-15
-5.336779e+01
-8.980985e+01
2.709591e+01
2.777045e+01
-3.129202e+01
-3.983160e+01
5.020137e+00
-5.683824e-01
0.000000e+00
0.000000e+00
4.311109e+00
2.785978e+01
5.211005e+00
7.392307e+00
0.000000e+00
0.000000e+00
0.000000e+00
0.000000e+00
2.458713e+01
2.508331e+01
0.000000e+00
0.000000e+00
-1.110223e-16
0.000000e+00
0.000000e+00
0.000000e+00
0.000000e+00
0.000000e+00
0.000000e+00
0.000000e+00
-4.311109e+00
-2.785978e+01
-2.458713e+01
-2.508331e+01
0.000000e+00
0.000000e+00
0.000000e+00
0.000000e+00
-5.211005e+00
-7.392307e+00
0.000000e+00
0.000000e+00
1.148707e+00
6.988497e+00
0.000000e+00
0.000000e+00
1.441919e+01
2.289523e+01
0.000000e+00
0.000000e+00
-3.031841e+00
-2.868895e+00
0.000000e+00
0.000000e+00
1.137614e+00
-8.816684e-01
0.000000e+00
0.000000e+00
0.000000e+00
0.000000e+00
2.329704e-01
-6.846692e-02
-5.642439e-01
5.669271e-01
0.000000e+00
0.000000e+00
0.000000e+00
0.000000e+00
0.000000e+00
0.000000e+00
0.000000e+00
0.000000e+00
0.000000e+00
0.000000e+00
0.000000e+00
0.000000e+00
0.000000e+00
0.000000e+00
0.000000e+00
0.000000e+00
0.000000e+00
0.000000e+00
0.000000e+00
0.000000e+00
0.000000e+00
0.000000e+00
0.000000e+00
0.000000e+00
0.000000e+00
0.000000e+00
-7.771561e-16
6.661338e-16
-5.551115e-17
-1.498801e-15
0.000000e+00
0.000000e+00
0.000000e+00
0.000000e+00
0.000000e+00
0.000000e+00
-1.151856e-15
1.387779e-15
1.370586e+00
-9.501354e-01
0.000000e+00
0.000000e+00
0.000000e+00
0.000000e+00
-1.370586e+00
9.501354e-01
0.000000e+00
0.000000e+00
0.000000e+00
0.000000e+00
-1.441919e+01
-2.289523e+01
0.000000e+00
0.000000e+00
3.031841e+00
2.868895e+00
0.000000e+00
0.000000e+00
-2.329704e-01
6.846692e-02
0.000000e+00
0.000000e+00
0.000000e+00
0.000000e+00
-1.137614e+00
8.816684e-01
5.642439e-01
-5.669271e-01
0.000000e+00
0.000000e+00
0.000000e+00
0.000000e+00
0.000000e+00
0.000000e+00
0.000000e+00
0.000000e+00
0.000000e+00
0.000000e+00
0.000000e+00
0.000000e+00
0.000000e+00
0.000000e+00
0.000000e+00
0.000000e+00
-3.330669e-16
4.884981e-15
0.000000e+00
0.000000e+00
1.110223e-15
8.326673e-17
0.000000e+00
0.000000e+00
-1.370586e+00
9.501354e-01
0.000000e+00
0.000000e+00
0.000000e+00
0.000000e+00
1.370586e+00
-9.501354e-01
3.608225e-16
4.662937e-15
0.000000e+00
0.000000e+00
0.000000e+00
0.000000e+00
0.000000e+00
0.000000e+00
0.000000e+00
0.000000e+00
0.000000e+00
0.000000e+00
0.000000e+00
0.000000e+00
0.000000e+00
0.000000e+00
0.000000e+00
0.000000e+00
5.642439e-01
-5.669271e-01
0.000000e+00
0.000000e+00
-2.868895e+00
-3.031841e+00
0.000000e+00
0.000000e+00
0.000000e+00
0.000000e+00
0.000000e+00
0.000000e+00
-1.441919e+01
-2.289523e+01
0.000000e+00
0.000000e+00
0.000000e+00
0.000000e+00
-2.329704e-01
6.846692e-02
0.000000e+00
0.000000e+00
0.000000e+00
0.000000e+00
-1.137614e+00
8.816684e-01
0.000000e+00
0.000000e+00
0.000000e+00
0.000000e+00
0.000000e+00
0.000000e+00
0.000000e+00
0.000000e+00
-3.219647e-15
-2.942091e-15
2.709591e+01
2.777045e+01
-7.105427e-15
-7.105427e-15
-5.336779e+01
-8.980985e+01
5.020137e+00
-5.683824e-01
-3.129202e+01
-3.983160e+01
-5.995204e-15
-5.329071e-15
-5.773160e-15
-7.549517e-15
-5.020137e+00
5.683824e-01
3.129202e+01
3.983160e+01
-2.709591e+01
-2.777045e+01
5.336779e+01
8.980985e+01
0.000000e+00
0.000000e+00
-1.221245e-15
-1.110223e-15
0.000000e+00
0.000000e+00
0.000000e+00
0.000000e+00
0.000000e+00
0.000000e+00
-4.311109e+00
-2.785978e+01
0.000000e+00
0.000000e+00
-2.458713e+01
-2.508331e+01
0.000000e+00
0.000000e+00
0.000000e+00
0.000000e+00
-5.211005e+00
-7.392307e+00
1.148707e+00
6.988497e+00
0.000000e+00
0.000000e+00
0.000000e+00
0.000000e+00
0.000000e+00
0.000000e+00
-7.105427e-15
-2.664535e-15
0.000000e+00
0.000000e+00
2.979813e+01
3.247562e+01
0.000000e+00
0.000000e+00
0.000000e+00
0.000000e+00
-2.979813e+01
-3.247562e+01
-1.148707e+00
-6.988497e+00
0.000000e+00
0.000000e+00
0.000000e+00
0.000000e+00
0.000000e+00
0.000000e+00
4.311109e+00
2.785978e+01
0.000000e+00
0.000000e+00
5.211005e+00
7.392307e+00
0.000000e+00
0.000000e+00
2.458713e+01
2.508331e+01
-5.642439e-01
5.669271e-01
0.000000e+00
0.000000e+00
2.868895e+00
3.031841e+00
0.000000e+00
0.000000e+00
0.000000e+00
0.000000e+00
0.000000e+00
0.000000e+00
1.441919e+01
2.289523e+01
0.000000e+00
0.000000e+00
0.000000e+00
0.000000e+00
1.137614e+00
-8.816684e-01
0.000000e+00
0.000000e+00
0.000000e+00
0.000000e+00
2.329704e-01
-6.846692e-02
0.000000e+00
0.000000e+00
0.000000e+00
0.000000e+00
0.000000e+00
0.000000e+00
0.000000e+00
0.000000e+00
2.922282e+01
2.644969e+01
3.004524e+01
2.945935e+01
-1.499434e+01
-9.918121e+00
-4.427373e+01
-4.586391e+01
0.000000e+00
0.000000e+00
0.000000e+00
0.000000e+00
-3.286699e+01
-2.562696e+01
-2.664535e-15
-1.776357e-15
-3.311900e+01
-2.567614e+01
-8.196360e+01
-1.221970e+02
-1.243450e-14
8.881784e-16
3.286699e+01
2.562696e+01
2.644969e+01
2.922282e+01
3.311900e+01
2.567614e+01
8.196360e+01
1.221970e+02
-3.077584e+01
-3.349329e+01
-6.388972e+00
-8.971130e-01
2.780376e+01
3.058617e+01
9.361055e+00
4.497977e+00
0.000000e+00
0.000000e+00
3.223355e+01
2.254908e+01
2.481055e+01
3.072839e+01
3.177088e+01
2.235592e+01
2.664535e-15
-6.217249e-15
-3.223355e+01
-2.254908e+01
-3.349329e+01
-3.077584e+01
-2.481055e+01
-3.072839e+01
-3.177088e+01
-2.235592e+01
1.794371e+01
1.995200e+01
1.277986e+01
-6.453710e-01
-2.745369e+00
-2.503334e+00
-6.475955e+01
-9.268217e+01
4.730303e+01
5.404211e+01
-1.029894e+01
-7.771414e+00
-8.219622e+00
-1.034152e+01
1.538784e+01
1.017186e+01
-3.004524e+01
-2.945935e+01
1.499434e+01
9.918121e+00
0.000000e+00
0.000000e+00
0.000000e+00
0.000000e+00
4.427373e+01
4.586391e+01
6.388972e+00
8.971130e-01
-9.361055e+00
-4.497977e+00
0.000000e+00
0.000000e+00
-2.780376e+01
-3.058617e+01
1.029894e+01
7.771414e+00
-1.794371e+01
-1.995200e+01
-1.538784e+01
-1.017186e+01
6.475955e+01
9.268217e+01
8.219622e+00
1.034152e+01
-1.277986e+01
6.453710e-01
-4.730303e+01
-5.404211e+01
2.745369e+00
2.503334e+00
7.731136e+00
-4.785107e+00
1.109215e+02
1.496532e+02
-7.881731e+01
-1.048481e+02
3.524286e+00
7.431814e-01
4.370059e+01
3.908341e+01
1.577052e+01
1.909997e+01
-6.480333e+00
-3.588563e+00
-2.316472e+01
-2.400634e+01
3.550360e+01
6.522596e+01
-1.032857e+01
-6.769503e+00
1.861100e+01
1.837234e+01
1.400299e+00
-4.260889e+00
1.489243e+01
1.573405e+01
1.977564e+01
-1.282152e+01
0.000000e+00
0.000000e+00
0.000000e+00
0.000000e+00
-3.534056e+01
-2.218005e+01
-7.671414e+00
-1.078521e+01
0.000000e+00
0.000000e+00
-7.668524e+00
-1.264247e+01
-2.269293e+02
-2.930093e+02
7.543356e+01
8.532362e+01
2.269293e+02
2.930093e+02
-7.543356e+01
-8.532362e+01
3.927121e+01
9.447187e+00
-1.048481e+02
-7.881731e+01
-1.282152e+01
1.977564e+01
-2.253295e+02
-1.487662e+02
-2.041606e+02
-2.041606e+02
-3.524286e+00
-7.431814e-01
-7.731136e+00
4.785107e+00
-1.109215e+02
-1.496532e+02
-4.370059e+01
-3.908341e+01
-2.562696e+01
-3.286699e+01
2.945935e+01
3.004524e+01
-1.034152e+01
-8.219622e+00
2.253295e+02
1.487662e+02
6.522596e+01
3.550360e+01
-2.930093e+02
-2.269293e+02
-3.927121e+01
-9.447187e+00
-9.268217e+01
-6.475955e+01
-1.221970e+02
-8.196360e+01
2.644969e+01
2.922282e+01
3.311900e+01
2.567614e+01
-2.664535e-15
-2.664535e-15
0.000000e+00
-4.440892e-15
-3.286699e+01
-2.562696e+01
-2.644969e+01
-2.922282e+01
-3.311900e+01
-2.567614e+01
-8.196360e+01
-1.221970e+02
-7.543356e+01
-8.532362e+01
1.776357e-15
0.000000e+00
5.404211e+01
4.730303e+01
-2.269293e+02
-2.930093e+02
7.543356e+01
8.532362e+01
-5.404211e+01
-4.730303e+01
-2.945935e+01
-3.004524e+01
7.731136e+00
-4.785107e+00
1.109215e+02
1.496532e+02
1.034152e+01
8.219622e+00
-7.881731e+01
-1.048481e+02
3.524286e+00
7.431814e-01
4.370059e+01
3.908341e+01
3.927121e+01
9.447187e+00
9.268217e+01
6.475955e+01
-6.522596e+01
-3.550360e+01
-1.048481e+02
-7.881731e+01
-1.282152e+01
1.977564e+01
-2.253295e+02
-1.487662e+02
-2.041606e+02
-2.041606e+02
1.282152e+01
-1.977564e+01
2.253295e+02
1.487662e+02
6.522596e+01
3.550360e+01
1.496532e+02
1.109215e+02
-3.927121e+01
-9.447187e+00
-3.524286e+00
-7.431814e-01
-7.731136e+00
4.785107e+00
-4.370059e+01
-3.908341e+01
-6.769503e+00
-1.032857e+01
-1.078521e+01
-7.671414e+00
-1.385903e+01
-1.385903e+01
-5.408126e+01
-6.791416e+01
-1.861100e+01
-1.837234e+01
-1.489243e+01
-1.573405e+01
-1.400299e+00
4.260889e+00
1.909997e+01
1.577052e+01
2.316472e+01
2.400634e+01
-9.918121e+00
-1.499434e+01
-7.771414e+00
-1.029894e+01
-6.791416e+01
-5.408126e+01
-2.218005e+01
-3.534056e+01
-1.264247e+01
-7.668524e+00
3.072839e+01
2.481055e+01
-6.453710e-01
1.277986e+01
0.000000e+00
0.000000e+00
0.000000e+00
0.000000e+00
-3.588563e+00
-6.480333e+00
1.995200e+01
1.794371e+01
4.497977e+00
9.361055e+00
0.000000e+00
0.000000e+00
3.058617e+01
2.780376e+01
-4.586391e+01
-4.427373e+01
-1.538784e+01
-1.017186e+01
2.235592e+01
3.177088e+01
2.745369e+00
2.503334e+00
2.254908e+01
3.223355e+01
-8.971130e-01
-6.388972e+00
-3.349329e+01
-3.077584e+01
3.349329e+01
3.077584e+01
3.223355e+01
2.254908e+01
3.177088e+01
2.235592e+01
2.481055e+01
3.072839e+01
0.000000e+00
0.000000e+00
0.000000e+00
0.000000e+00
6.453710e-01
-1.277986e+01
8.971130e-01
6.388972e+00
0.000000e+00
0.000000e+00
2.503334e+00
2.745369e+00
2.400634e+01
2.316472e+01
3.588563e+00
6.480333e+00
-4.497977e+00
-9.361055e+00
-1.995200e+01
-1.794371e+01
-1.909997e+01
-1.577052e+01
9.918121e+00
1.499434e+01
7.771414e+00
1.029894e+01
1.861100e+01
1.837234e+01
-1.032857e+01
-6.769503e+00
1.489243e+01
1.573405e+01
1.400299e+00
-4.260889e+00
-3.058617e+01
-2.780376e+01
4.586391e+01
4.427373e+01
1.538784e+01
1.017186e+01
1.573405e+01
1.489243e+01
3.534056e+01
2.218005e+01
0.000000e+00
0.000000e+00
0.000000e+00
0.000000e+00
1.078521e+01
7.671414e+00
5.408126e+01
6.791416e+01
1.385903e+01
1.385903e+01
0.000000e+00
0.000000e+00
6.791416e+01
5.408126e+01
2.218005e+01
3.534056e+01
1.264247e+01
7.668524e+00
-4.260889e+00
1.400299e+00
-1.264247e+01
-7.668524e+00
1.837234e+01
1.861100e+01
7.671414e+00
1.078521e+01
1.032857e+01
6.769503e+00
2.316472e+01
2.400634e+01
1.909997e+01
1.577052e+01
6.480333e+00
3.588563e+00
0.000000e+00
0.000000e+00
0.000000e+00
0.000000e+00
0.000000e+00
0.000000e+00
0.000000e+00
0.000000e+00
0.000000e+00
0.000000e+00
0.000000e+00
0.000000e+00
0.000000e+00
0.000000e+00
0.000000e+00
0.000000e+00
0.000000e+00
0.000000e+00
0.000000e+00
0.000000e+00
0.000000e+00
0.000000e+00
0.000000e+00
0.000000e+00
0.000000e+00
0.000000e+00
0.000000e+00
0.000000e+00
0.000000e+00
0.000000e+00
0.000000e+00
0.000000e+00
0.000000e+00
0.000000e+00
0.000000e+00
0.000000e+00
0.000000e+00
0.000000e+00
-2.775558e-16
-2.220446e-16
8.934543e-01
2.285317e-01
0.000000e+00
0.000000e+00
1.826505e-01
8.705129e-01
0.000000e+00
0.000000e+00
-1.387779e-17
1.665335e-16
0.000000e+00
0.000000e+00
-1.826505e-01
-8.705129e-01
0.000000e+00
0.000000e+00
-2.285317e-01
-8.934543e-01
0.000000e+00
0.000000e+00
2.988455e-02
-2.810550e-01
0.000000e+00
0.000000e+00
0.000000e+00
0.000000e+00
0.000000e+00
0.000000e+00
0.000000e+00
0.000000e+00
0.000000e+00
0.000000e+00
0.000000e+00
0.000000e+00
1.110223e-15
1.040834e-15
0.000000e+00
0.000000e+00
0.000000e+00
0.000000e+00
-2.988455e-02
2.810550e-01
0.000000e+00
0.000000e+00
0.000000e+00
0.000000e+00
0.000000e+00
0.000000e+00
0.000000e+00
0.000000e+00
-1.110223e-16
-4.440892e-16
0.000000e+00
0.000000e+00
0.000000e+00
0.000000e+00
0.000000e+00
0.000000e+00
0.000000e+00
0.000000e+00
2.810550e-01
-2.988455e-02
0.000000e+00
0.000000e+00
0.000000e+00
0.000000e+00
0.000000e+00
0.000000e+00
0.000000e+00
0.000000e+00
3.747003e-16
-1.332268e-15
-1.826505e-01
-8.705129e-01
0.000000e+00
0.000000e+00
-2.285317e-01
-8.934543e-01
0.000000e+00
0.000000e+00
3.053113e-16
-3.885781e-16
0.000000e+00
0.000000e+00
2.285317e-01
8.934543e-01
0.000000e+00
0.000000e+00
1.826505e-01
8.705129e-01
0.000000e+00
0.000000e+00
0.000000e+00
0.000000e+00
-2.810550e-01
2.988455e-02
0.000000e+00
0.000000e+00
0.000000e+00
0.000000e+00
0.000000e+00
0.000000e+00
0.000000e+00
0.000000e+00
-1.789862e+00
3.972402e+00
0.000000e+00
0.000000e+00
-1.665335e-15
-4.440892e-16
0.000000e+00
0.000000e+00
6.661338e-16
1.332268e-15
1.286077e+01
-1.429566e+00
5.169665e+00
1.044479e+01
-8.878965e+00
1.450132e+01
3.843731e+00
6.093783e+00
-1.776357e-15
4.440892e-16
1.466847e+01
2.466899e+00
0.000000e+00
0.000000e+00
-3.972402e+00
1.789862e+00
0.000000e+00
0.000000e+00
0.000000e+00
0.000000e+00
1.429566e+00
-1.286077e+01
-1.466847e+01
-2.466899e+00
-5.169665e+00
-1.044479e+01
0.000000e+00
0.000000e+00
-3.843731e+00
-6.093783e+00
8.878965e+00
-1.450132e+01
1.480526e+00
5.752371e-01
1.720439e+00
4.289591e+00
0.000000e+00
0.000000e+00
0.000000e+00
0.000000e+00
-2.774255e+00
-1.387127e+00
4.263514e-01
4.907033e-01
1.870447e+00
-4.491509e+00
-5.229033e-01
-3.690822e+00
0.000000e+00
0.000000e+00
-6.546144e-02
3.916240e-01
0.000000e+00
0.000000e+00
0.000000e+00
0.000000e+00
4.165314e-01
7.965851e-01
0.000000e+00
0.000000e+00
-1.132444e-01
1.132443e-01
3.477990e+01
-7.610480e+01
-8.881784e-16
0.000000e+00
1.647286e+01
-3.894931e+01
0.000000e+00
0.000000e+00
-2.805012e+01
3.316068e+01
1.247172e+01
1.148729e+01
3.552714e-15
-3.552714e-15
1.726641e+01
-1.726641e+01
-1.956628e+00
4.788597e+01
-1.499425e+01
-4.344464e+01
2.805012e+01
-3.316068e+01
-1.647286e+01
3.894931e+01
4.344464e+01
1.499425e+01
4.185626e+01
-4.185626e+01
1.956628e+00
-4.788597e+01
-1.148729e+01
-1.247172e+01
-1.776357e-15
-1.776357e-15
-8.881784e-16
1.776357e-15
7.610480e+01
-3.477990e+01
1.726641e+01
-1.726641e+01
1.776357e-15
5.329071e-15
1.247172e+01
1.148729e+01
-2.805012e+01
3.316068e+01
1.647286e+01
-3.894931e+01
3.477990e+01
-7.610480e+01
1.726641e+01
-1.726641e+01
-1.956628e+00
4.788597e+01
4.344464e+01
1.499425e+01
-1.647286e+01
3.894931e+01
2.805012e+01
-3.316068e+01
-1.499425e+01
-4.344464e+01
4.185626e+01
-4.185626e+01
-4.788597e+01
1.956628e+00
-3.477990e+01
7.610480e+01
-1.247172e+01
-1.148729e+01
-1.726641e+01
1.726641e+01
2.015603e+01
1.563054e+01
-8.954687e+00
6.772148e+00
0.000000e+00
0.000000e+00
0.000000e+00
0.000000e+00
-1.102336e+01
-9.452793e+00
-2.338899e+00
-6.765367e+00
-1.102323e+01
-2.204646e+01
-1.097272e+01
-1.774548e+01
0.000000e+00
0.000000e+00
-1.373570e+01
-3.684336e+00
-1.287243e+01
2.429198e-01
-3.964612e+00
-7.929225e+00
2.211574e+01
2.689425e+01
0.000000e+00
0.000000e+00
0.000000e+00
0.000000e+00
-8.354515e+00
8.354515e+00
6.580040e+00
1.326553e+01
-3.239399e+00
-1.907593e+00
-3.390302e+00
-8.374285e+00
2.494302e+01
1.491505e+01
0.000000e+00
0.000000e+00
-1.665335e-16
-3.608225e-16
1.532499e+00
-5.853391e+00
0.000000e+00
0.000000e+00
0.000000e+00
0.000000e+00
-1.502448e+00
7.944865e-01
-1.110223e-16
1.942890e-16
1.110223e-16
6.661338e-16
-4.610147e+00
-6.481556e-01
0.000000e+00
0.000000e+00
-1.532499e+00
5.853391e+00
0.000000e+00
0.000000e+00
0.000000e+00
0.000000e+00
-7.944865e-01
1.502448e+00
0.000000e+00
0.000000e+00
6.481556e-01
4.610147e+00
-2.015603e+01
-1.563054e+01
-2.211574e+01
-2.689425e+01
0.000000e+00
0.000000e+00
0.000000e+00
0.000000e+00
-8.354515e+00
8.354515e+00
2.338899e+00
6.765367e+00
-2.494302e+01
-1.491505e+01
-6.580040e+00
-1.326553e+01
0.000000e+00
0.000000e+00
3.390302e+00
8.374285e+00
1.287243e+01
-2.429198e-01
3.239399e+00
1.907593e+00
-6.772148e+00
8.954687e+00
0.000000e+00
0.000000e+00
0.000000e+00
0.000000e+00
9.452793e+00
1.102336e+01
1.097272e+01
1.774548e+01
3.964612e+00
7.929225e+00
1.373570e+01
3.684336e+00
1.102323e+01
2.204646e+01
0.000000e+00
0.000000e+00
-1.480526e+00
-5.752371e-01
6.546144e-02
-3.916240e-01
0.000000e+00
0.000000e+00
0.000000e+00
0.000000e+00
-7.965851e-01
-4.165314e-01
-4.263514e-01
-4.907033e-01
-1.870447e+00
4.491509e+00
-1.132443e-01
1.132444e-01
0.000000e+00
0.000000e+00
-1.720439e+00
-4.289591e+00
0.000000e+00
0.000000e+00
0.000000e+00
0.000000e+00
1.387127e+00
2.774255e+00
0.000000e+00
0.000000e+00
5.229033e-01
3.690822e+00
-2.015603e+01
-1.563054e+01
0.000000e+00
0.000000e+00
-2.211574e+01
-2.689425e+01
8.354515e+00
-8.354515e+00
2.338899e+00
6.765367e+00
0.000000e+00
0.000000e+00
-1.491505e+01
-2.494302e+01
0.000000e+00
0.000000e+00
-1.326553e+01
-6.580040e+00
8.374285e+00
3.390302e+00
-2.429198e-01
1.287243e+01
1.907593e+00
3.239399e+00
0.000000e+00
0.000000e+00
-6.772148e+00
8.954687e+00
9.452793e+00
1.102336e+01
0.000000e+00
0.000000e+00
3.964612e+00
7.929225e+00
1.774548e+01
1.097272e+01
1.373570e+01
3.684336e+00
2.204646e+01
1.102323e+01
0.000000e+00
0.000000e+00
1.112916e+00
1.478793e+00
0.000000e+00
0.000000e+00
0.000000e+00
0.000000e+00
0.000000e+00
0.000000e+00
0.000000e+00
0.000000e+00
-1.589485e+00
-7.947430e-01
0.000000e+00
0.000000e+00
6.148891e-01
-6.148912e-01
0.000000e+00
0.000000e+00
-3.645296e-01
5.228140e-01
0.000000e+00
0.000000e+00
0.000000e+00
0.000000e+00
0.000000e+00
0.000000e+00
0.000000e+00
0.000000e+00
-5.228140e-01
3.645296e-01
-5.103760e-01
5.103760e-01
0.000000e+00
0.000000e+00
0.000000e+00
0.000000e+00
0.000000e+00
0.000000e+00
-1.532499e+00
5.853391e+00
1.360023e-15
2.137179e-15
-6.661338e-16
5.551115e-17
-7.944865e-01
1.502448e+00
0.000000e+00
0.000000e+00
6.481556e-01
4.610147e+00
0.000000e+00
0.000000e+00
0.000000e+00
0.000000e+00
0.000000e+00
0.000000e+00
1.532499e+00
-5.853391e+00
7.944865e-01
-1.502448e+00
0.000000e+00
0.000000e+00
-6.481556e-01
-4.610147e+00
0.000000e+00
0.000000e+00
1.589485e+00
7.947430e-01
0.000000e+00
0.000000e+00
0.000000e+00
0.000000e+00
0.000000e+00
0.000000e+00
0.000000e+00
0.000000e+00
-1.112916e+00
-1.478793e+00
-6.148891e-01
6.148912e-01
0.000000e+00
0.000000e+00
0.000000e+00
0.000000e+00
2.015603e+01
1.563054e+01
0.000000e+00
0.000000e+00
6.772148e+00
-8.954687e+00
-9.452793e+00
-1.102336e+01
-2.338899e+00
-6.765367e+00
0.000000e+00
0.000000e+00
-2.204646e+01
-1.102323e+01
0.000000e+00
0.000000e+00
-1.774548e+01
-1.097272e+01
-1.373570e+01
-3.684336e+00
-1.287243e+01
2.429198e-01
-7.929225e+00
-3.964612e+00
0.000000e+00
0.000000e+00
2.211574e+01
2.689425e+01
-8.354515e+00
8.354515e+00
0.000000e+00
0.000000e+00
-1.907593e+00
-3.239399e+00
1.326553e+01
6.580040e+00
-8.374285e+00
-3.390302e+00
1.491505e+01
2.494302e+01
0.000000e+00
0.000000e+00
5.228140e-01
-3.645296e-01
0.000000e+00
0.000000e+00
0.000000e+00
0.000000e+00
0.000000e+00
0.000000e+00
0.000000e+00
0.000000e+00
3.645296e-01
-5.228140e-01
0.000000e+00
0.000000e+00
5.103760e-01
-5.103760e-01
0.000000e+00
0.000000e+00
7.771561e-16
0.000000e+00
0.000000e+00
0.000000e+00
-3.972402e+00
1.789862e+00
1.429566e+00
-1.286077e+01
2.664535e-15
4.440892e-16
0.000000e+00
0.000000e+00
-2.466899e+00
-1.466847e+01
0.000000e+00
0.000000e+00
-1.044479e+01
-5.169665e+00
-3.843731e+00
-6.093783e+00
4.440892e-16
0.000000e+00
-1.450132e+01
8.878965e+00
0.000000e+00
0.000000e+00
3.972402e+00
-1.789862e+00
-1.429566e+00
1.286077e+01
0.000000e+00
0.000000e+00
-8.878965e+00
1.450132e+01
1.044479e+01
5.169665e+00
3.843731e+00
6.093783e+00
2.466899e+00
1.466847e+01
0.000000e+00
0.000000e+00
7.947430e-01
1.589485e+00
0.000000e+00
0.000000e+00
0.000000e+00
0.000000e+00
0.000000e+00
0.000000e+00
0.000000e+00
0.000000e+00
-1.478793e+00
-1.112916e+00
0.000000e+00
0.000000e+00
6.148912e-01
-6.148891e-01
0.000000e+00
0.000000e+00
1.478793e+00
1.112916e+00
0.000000e+00
0.000000e+00
0.000000e+00
0.000000e+00
0.000000e+00
0.000000e+00
0.000000e+00
0.000000e+00
-7.947430e-01
-1.589485e+00
-6.148912e-01
6.148891e-01
0.000000e+00
0.000000e+00
0.000000e+00
0.000000e+00
-1.480526e+00
-5.752371e-01
0.000000e+00
0.000000e+00
6.546144e-02
-3.916240e-01
-4.165314e-01
-7.965851e-01
-4.263514e-01
-4.907033e-01
0.000000e+00
0.000000e+00
-1.870447e+00
4.491509e+00
1.132444e-01
-1.132443e-01
0.000000e+00
0.000000e+00
0.000000e+00
0.000000e+00
-4.289591e+00
-1.720439e+00
1.387127e+00
2.774255e+00
0.000000e+00
0.000000e+00
3.690822e+00
5.229033e-01
0.000000e+00
0.000000e+00
1.480526e+00
5.752371e-01
0.000000e+00
0.000000e+00
4.289591e+00
1.720439e+00
-1.387127e+00
-2.774255e+00
4.263514e-01
4.907033e-01
0.000000e+00
0.000000e+00
1.870447e+00
-4.491509e+00
-3.690822e+00
-5.229033e-01
0.000000e+00
0.000000e+00
0.000000e+00
0.000000e+00
-6.546144e-02
3.916240e-01
4.165314e-01
7.965851e-01
0.000000e+00
0.000000e+00
-1.132444e-01
1.132443e-01
0.000000e+00
0.000000e+00
-1.361567e+00
8.079620e-01
-2.233248e+01
-9.072888e+00
-1.846012e+01
-1.132341e+01
-1.329680e+00
-1.476052e+01
5.648480e+00
-9.077494e+00
8.881784e-16
1.776357e-15
-3.793363e+00
-3.385429e+00
0.000000e+00
0.000000e+00
-8.079620e-01
1.361567e+00
9.072888e+00
2.233248e+01
3.793363e+00
3.385429e+00
1.846012e+01
1.132341e+01
0.000000e+00
0.000000e+00
-5.648480e+00
9.077494e+00
1.329680e+00
1.476052e+01
-4.181158e+00
-2.090579e+00
3.774856e+00
-3.458396e-01
-5.175723e-01
-5.355878e-01
-1.708947e-01
-1.552706e-01
0.000000e+00
0.000000e+00
-2.558022e-01
2.558025e-01
3.243105e+00
5.876968e+00
4.659245e+01
2.585151e+01
-6.019652e+00
-2.890496e+00
-8.734503e+00
-3.503401e+00
1.694726e+01
-2.519307e+01
-2.084406e+00
-8.242648e-01
-1.300707e+01
-7.367382e+00
1.942890e-15
8.881784e-16
2.519307e+01
-1.694726e+01
8.242648e-01
2.084406e+00
1.300707e+01
7.367382e+00
8.734503e+00
3.503401e+00
-2.585151e+01
-4.659245e+01
1.801554e-02
-5.175723e-01
6.019652e+00
2.890496e+00
3.774856e+00
4.120696e+00
-3.243105e+00
-5.876968e+00
-1.475267e+01
-5.625081e+00
-3.887518e-01
-5.740101e+00
1.063564e+01
5.317820e+00
-6.483817e-02
6.483777e-02
1.034562e+01
-7.625608e+00
2.919781e+00
5.326030e+00
3.780274e+00
3.347872e+00
0.000000e+00
0.000000e+00
9.624898e-01
-3.682505e+00
-9.624898e-01
3.682505e+00
0.000000e+00
0.000000e+00
3.780274e+00
4.324019e-01
6.483817e-02
-6.483777e-02
-1.034562e+01
7.625608e+00
-5.326030e+00
-2.919781e+00
5.625081e+00
1.475267e+01
3.887518e-01
5.740101e+00
-5.317820e+00
-1.063564e+01
-2.558022e-01
-5.116047e-01
0.000000e+00
0.000000e+00
1.708947e-01
1.552706e-01
4.181158e+00
2.090579e+00
-4.885482e-01
-5.838942e+00
-5.919475e-01
5.919480e-01
-1.118587e-01
5.642231e-02
0.000000e+00
0.000000e+00
1.090536e+00
5.386463e-01
-1.145144e-01
3.991975e-01
2.807811e-01
-6.666680e-02
-2.265428e-01
3.076701e-01
9.861667e+00
9.482964e+00
-5.086501e-01
-6.007279e-01
-6.416404e-01
-1.283281e+00
-1.029874e+00
-1.142758e+00
1.716719e+00
2.215011e+00
2.214233e+00
1.107116e+00
0.000000e+00
0.000000e+00
2.622506e-01
1.716883e-01
0.000000e+00
0.000000e+00
-6.911387e-01
-5.219770e-01
0.000000e+00
0.000000e+00
-1.693907e-01
7.298965e-01
-1.351734e-01
6.110909e-01
1.059170e+00
9.678420e-01
-5.119885e-01
-2.559943e-01
0.000000e+00
0.000000e+00
1.478448e+00
1.639760e-01
0.000000e+00
0.000000e+00
-4.857713e-01
-5.943547e-01
-4.623512e-01
-1.400695e+00
1.387779e-15
2.775558e-16
4.857713e-01
5.943547e-01
9.132829e-02
1.059170e+00
4.623512e-01
1.400695e+00
0.000000e+00
0.000000e+00
1.341383e+01
5.930798e+00
9.619444e-01
2.836798e+00
2.526086e+00
2.039162e+00
-5.930798e+00
-1.341383e+01
-2.526086e+00
-2.039162e+00
1.478448e+00
1.314472e+00
0.000000e+00
0.000000e+00
-9.619444e-01
-2.836798e+00
5.119885e-01
2.559943e-01
-9.861667e+00
-9.482964e+00
5.086501e-01
6.007279e-01
-2.214233e+00
-1.107116e+00
0.000000e+00
0.000000e+00
1.029874e+00
1.142758e+00
-2.215011e+00
-1.716719e+00
-2.807811e-01
6.666680e-02
6.416404e-01
1.283281e+00
4.885482e-01
5.838942e+00
5.919475e-01
-5.919480e-01
2.265428e-01
-3.076701e-01
-1.090536e+00
-5.386463e-01
-3.991975e-01
1.145144e-01
1.118587e-01
-5.642231e-02
0.000000e+00
0.000000e+00
5.219770e-01
6.911387e-01
0.000000e+00
0.000000e+00
-1.716883e-01
-2.622506e-01
0.000000e+00
0.000000e+00
1.351734e-01
-6.110909e-01
1.693907e-01
-7.298965e-01
-5.930798e+00
-1.341383e+01
-9.132829e-02
9.678420e-01
-2.039162e+00
-2.526086e+00
0.000000e+00
0.000000e+00
1.478448e+00
1.314472e+00
-2.836798e+00
-9.619444e-01
-8.326673e-16
7.494005e-16
-4.623512e-01
9.383438e-01
5.930798e+00
1.341383e+01
9.132829e-02
-9.678420e-01
4.623512e-01
-9.383438e-01
-1.478448e+00
-1.314472e+00
9.619444e-01
2.836798e+00
2.039162e+00
2.526086e+00
0.000000e+00
0.000000e+00
5.943547e-01
4.857713e-01
0.000000e+00
0.000000e+00
-4.857713e-01
-5.943547e-01
0.000000e+00
0.000000e+00
2.559943e-01
5.119885e-01
-2.559943e-01
-5.119885e-01
6.911387e-01
5.219770e-01
-5.086501e-01
9.207778e-02
2.807811e-01
3.474479e-01
-6.416404e-01
6.416409e-01
0.000000e+00
0.000000e+00
-1.716883e-01
-2.622506e-01
-5.919475e-01
-1.183896e+00
-2.265428e-01
-5.342129e-01
0.000000e+00
0.000000e+00
-9.482964e+00
-9.861667e+00
-1.107116e+00
-2.214233e+00
1.029874e+00
1.142758e+00
0.000000e+00
0.000000e+00
-1.716719e+00
-2.215011e+00
4.885482e-01
5.838942e+00
-1.090536e+00
-5.386463e-01
-3.991975e-01
1.145144e-01
-5.642231e-02
1.118587e-01
0.000000e+00
0.000000e+00
-6.110909e-01
1.351734e-01
-7.298965e-01
1.693907e-01
8.242648e-01
2.084406e+00
2.519307e+01
-1.694726e+01
-1.110223e-15
-1.776357e-15
1.300707e+01
7.367382e+00
8.734503e+00
3.503401e+00
1.801554e-02
-5.175723e-01
-2.585151e+01
-4.659245e+01
6.019652e+00
2.890496e+00
3.774856e+00
4.120696e+00
2.169529e+00
8.079620e-01
-5.876968e+00
-3.243105e+00
5.648480e+00
1.472597e+01
-3.552714e-15
-3.774758e-15
-8.079620e-01
-2.169529e+00
3.243105e+00
5.876968e+00
-5.648480e+00
-1.472597e+01
-3.774856e+00
-4.120696e+00
5.175723e-01
-1.801554e-02
4.659245e+01
2.585151e+01
-6.019652e+00
-2.890496e+00
-8.734503e+00
-3.503401e+00
-8.242648e-01
-2.084406e+00
-2.519307e+01
1.694726e+01
-1.300707e+01
-7.367382e+00
-9.624898e-01
3.682505e+00
3.780274e+00
4.324019e-01
0.000000e+00
0.000000e+00
9.624898e-01
-3.682505e+00
-3.780274e+00
-4.324019e-01
0.000000e+00
0.000000e+00
6.483817e-02
-6.483777e-02
-1.034562e+01
7.625608e+00
-5.326030e+00
-2.919781e+00
5.625081e+00
1.475267e+01
-5.317820e+00
-1.063564e+01
3.887518e-01
5.740101e+00
-2.558022e-01
-5.116047e-01
0.000000e+00
0.000000e+00
1.708947e-01
1.552706e-01
2.090579e+00
4.181158e+00
-3.793363e+00
-4.079339e-01
0.000000e+00
0.000000e+00
9.072888e+00
2.233248e+01
1.132341e+01
1.846012e+01
1.476052e+01
1.329680e+00
-9.072888e+00
-2.233248e+01
-1.329680e+00
-1.476052e+01
-1.132341e+01
-1.846012e+01
-3.793363e+00
-3.385429e+00
0.000000e+00
0.000000e+00
-2.090579e+00
-4.181158e+00
-1.708947e-01
-1.552706e-01
-2.558022e-01
2.558025e-01
0.000000e+00
0.000000e+00
-5.625081e+00
-1.475267e+01
-3.887518e-01
-5.740101e+00
1.063564e+01
5.317820e+00
-6.483817e-02
6.483777e-02
5.326030e+00
2.919781e+00
1.034562e+01
-7.625608e+00
1.716883e-01
2.622506e-01
5.919475e-01
1.183896e+00
-2.807811e-01
-3.474479e-01
2.265428e-01
5.342129e-01
0.000000e+00
0.000000e+00
-6.911387e-01
-5.219770e-01
5.086501e-01
-9.207778e-02
6.416404e-01
-6.416409e-01
0.000000e+00
0.000000e+00
-5.838942e+00
-4.885482e-01
5.642231e-02
-1.118587e-01
1.090536e+00
5.386463e-01
0.000000e+00
0.000000e+00
3.991975e-01
-1.145144e-01
9.861667e+00
9.482964e+00
-1.029874e+00
-1.142758e+00
1.716719e+00
2.215011e+00
1.107116e+00
2.214233e+00
0.000000e+00
0.000000e+00
7.298965e-01
-1.693907e-01
6.110909e-01
-1.351734e-01
1.052610e+01
5.564104e+00
9.363716e+00
-6.742655e+00
2.392258e+00
-1.232977e+01
-8.150909e+00
-7.498558e-01
-7.366141e+00
7.366140e+00
-1.041705e+01
-1.626029e+00
-1.361084e+01
-6.805422e+00
0.000000e+00
0.000000e+00
-7.017358e+00
-6.869725e+00
4.021983e+00
-2.206818e-01
3.721733e+01
-4.776229e+01
-5.329071e-15
-3.552714e-15
-2.237690e+01
8.163118e+00
-1.290105e+01
-2.580209e+01
-4.665607e+01
-1.134853e+01
-3.982462e+00
-9.844982e+00
1.052610e+01
4.961994e+00
2.392258e+00
1.472203e+01
1.134853e+01
4.665607e+01
3.982462e+00
9.844982e+00
1.290105e+01
2.580209e+01
-4.021983e+00
2.206818e-01
-3.721733e+01
4.776229e+01
2.237690e+01
-8.163118e+00
-4.615044e+00
8.162975e-01
-1.283012e+01
7.207762e+00
1.454170e+00
-1.521905e+00
2.931699e+00
5.863395e+00
2.171086e+00
-2.171085e+00
5.888369e+00
2.415685e+00
8.371979e+00
1.568696e+01
6.874662e+00
1.304136e+01
1.014165e+01
1.167895e+01
6.653660e+00
7.704839e+00
-8.705689e+00
8.058711e+00
-1.914082e+01
-1.394842e+01
-4.615044e+00
-5.431342e+00
8.705689e+00
-8.058711e+00
1.914082e+01
1.394842e+01
-6.653660e+00
-7.704839e+00
-6.874662e+00
-1.304136e+01
-1.283012e+01
-2.003789e+01
-1.014165e+01
-1.167895e+01
-3.720016e+00
1.240554e+01
8.575040e+00
-4.428486e+00
-4.642424e-01
-9.284850e-01
-7.386659e+00
7.386658e+00
3.094392e+01
-2.039895e+01
-5.468583e+00
6.115562e+00
-3.677997e+01
-1.581649e+01
-3.047949e+01
-1.523975e+01
1.038367e+00
-5.333588e+00
6.969864e+00
-1.483996e+00
9.248194e-01
1.075041e+01
4.134008e+00
-5.270735e-01
1.626029e+00
1.041705e+01
1.361084e+01
6.805422e+00
8.150909e+00
7.498558e-01
7.017358e+00
6.869725e+00
0.000000e+00
0.000000e+00
-9.363716e+00
6.742655e+00
7.366141e+00
-7.366140e+00
-5.888369e+00
-2.415685e+00
-2.931699e+00
-5.863395e+00
-8.371979e+00
-1.568696e+01
1.521905e+00
-1.454170e+00
-2.171086e+00
2.171085e+00
-6.969864e+00
1.483996e+00
-4.134008e+00
5.270735e-01
-1.075041e+01
-9.248194e-01
1.581649e+01
3.677997e+01
-1.038367e+00
5.333588e+00
1.523975e+01
3.047949e+01
7.386659e+00
-7.386658e+00
-3.094392e+01
2.039895e+01
5.468583e+00
-6.115562e+00
3.720016e+00
-1.240554e+01
4.428486e+00
-8.575040e+00
4.642424e-01
9.284850e-01
8.096843e+00
8.996012e+00
3.394072e+00
-2.791962e+00
5.085009e-01
4.364757e+00
2.893753e+01
-2.893753e+01
1.006689e+01
9.522443e+00
-2.233641e+01
2.706901e+01
1.876111e+01
4.432964e+00
1.613519e+01
-3.880307e-01
2.380020e+00
-2.380020e+00
4.296735e+00
-4.225876e-01
1.126558e+01
-4.714490e+00
4.124145e+00
4.077891e+00
1.200336e+01
8.572633e+00
6.106858e+00
3.053429e+00
7.034040e+00
-2.278121e+01
-2.286616e+00
-9.055178e+00
-6.499468e+00
-6.407998e+00
0.000000e+00
0.000000e+00
-6.701395e+00
1.968791e+00
2.026037e+00
-2.026037e+00
1.180025e+01
-4.584491e-01
-5.618988e-01
-5.989187e+00
4.538938e+00
1.464703e+01
-4.538938e+00
-1.464703e+01
-2.791962e+00
-6.186033e+00
-3.942883e+01
-1.971441e+01
-2.893753e+01
-5.787505e+01
-8.670186e+00
-6.701395e+00
-2.233641e+01
-4.940541e+01
-5.085009e-01
-4.364757e+00
-1.613519e+01
3.880307e-01
-8.996012e+00
-8.096843e+00
-1.876111e+01
-4.432964e+00
-9.522443e+00
-1.006689e+01
-4.961994e+00
5.564104e+00
1.610637e+01
9.363716e+00
-3.530754e+01
-4.665607e+01
1.473228e+01
7.366140e+00
-9.844982e+00
-5.862520e+00
6.371956e+00
1.038367e+00
-1.523975e+01
-3.047949e+01
7.034040e+00
2.981525e+01
4.538938e+00
-1.010809e+01
2.096348e+01
-1.581649e+01
-2.580209e+01
-1.290105e+01
-4.776229e+01
-8.497963e+01
-1.477332e+01
-7.386659e+00
-5.134287e+01
-2.039895e+01
1.472203e+01
2.392258e+00
2.206818e-01
-4.021983e+00
-8.163118e+00
2.237690e+01
-3.108624e-15
-4.440892e-15
-4.961994e+00
-1.052610e+01
4.021983e+00
-2.206818e-01
3.721733e+01
-4.776229e+01
8.163118e+00
-2.237690e+01
-2.580209e+01
-1.290105e+01
-4.665607e+01
-1.134853e+01
-1.472203e+01
-2.392258e+00
-9.844982e+00
-3.982462e+00
-1.676440e+01
-8.705689e+00
5.192401e+00
-1.394842e+01
-1.158415e+01
-5.468583e+00
4.538938e+00
1.464703e+01
8.705689e+00
1.676440e+01
1.158415e+01
5.468583e+00
-5.134287e+01
-3.094392e+01
1.394842e+01
-5.192401e+00
-1.610637e+01
-9.363716e+00
1.523975e+01
3.047949e+01
8.996012e+00
8.096843e+00
-6.371956e+00
-1.038367e+00
-1.473228e+01
-7.366140e+00
-2.791962e+00
3.394072e+00
5.085009e-01
4.364757e+00
2.893753e+01
-2.893753e+01
9.522443e+00
1.006689e+01
-2.233641e+01
2.706901e+01
1.876111e+01
4.432964e+00
1.613519e+01
-3.880307e-01
1.477332e+01
7.386659e+00
-2.096348e+01
1.581649e+01
-2.791962e+00
-6.186033e+00
-7.034040e+00
-2.981525e+01
-3.942883e+01
-1.971441e+01
-5.787505e+01
-2.893753e+01
-6.701395e+00
-8.670186e+00
-2.233641e+01
-4.940541e+01
8.670186e+00
6.701395e+00
2.981525e+01
7.034040e+00
1.613519e+01
1.652322e+01
8.996012e+00
8.991694e-01
-4.364757e+00
-5.085009e-01
-4.432964e+00
-1.876111e+01
-1.006689e+01
-9.522443e+00
-4.225876e-01
-4.719323e+00
-4.961770e+00
-9.923541e+00
-4.714490e+00
-1.598007e+01
-4.052074e+00
-2.026037e+00
-5.427288e+00
-5.989187e+00
-3.053429e+00
-6.106858e+00
-4.124145e+00
-4.077891e+00
-8.572633e+00
-1.200336e+01
4.760041e+00
2.380020e+00
-1.626029e+00
8.791019e+00
8.453860e+00
6.969864e+00
1.075041e+01
9.825587e+00
7.401054e+00
-7.498558e-01
-9.055178e+00
-6.768562e+00
-1.225870e+01
-4.584491e-01
-6.407998e+00
9.146973e-02
1.051179e+00
7.704839e+00
-6.166702e+00
6.874662e+00
-1.612555e+01
-3.720016e+00
0.000000e+00
0.000000e+00
-4.642424e-01
4.642426e-01
2.415685e+00
-3.472684e+00
2.931696e+00
5.863395e+00
-5.270735e-01
-4.661082e+00
2.976075e+00
1.454170e+00
8.575040e+00
1.300353e+01
-6.805422e+00
6.805422e+00
8.371979e+00
-7.314982e+00
-7.017358e+00
-1.476326e-01
2.003789e+01
7.207762e+00
-1.537306e+00
1.014165e+01
4.342170e+00
2.171086e+00
5.431342e+00
8.162975e-01
5.431342e+00
4.615044e+00
2.003789e+01
1.283012e+01
6.874662e+00
1.304136e+01
1.167895e+01
1.014165e+01
7.704839e+00
6.653660e+00
1.612555e+01
3.720016e+00
-4.642426e-01
4.642424e-01
0.000000e+00
0.000000e+00
2.976075e+00
1.521905e+00
1.300353e+01
4.428486e+00
4.342170e+00
2.171085e+00
4.760041e+00
2.380020e+00
-2.931696e+00
-5.863395e+00
8.453860e+00
1.483996e+00
-2.415685e+00
3.472684e+00
5.270735e-01
4.661082e+00
-7.401054e+00
7.498558e-01
1.626029e+00
-8.791019e+00
-1.075041e+01
-9.825587e+00
-4.225876e-01
4.296735e+00
4.124145e+00
4.077891e+00
-4.714490e+00
1.126558e+01
8.572633e+00
1.200336e+01
3.053429e+00
6.106858e+00
6.805422e+00
-6.805422e+00
-8.371979e+00
7.314982e+00
7.017358e+00
1.476326e-01
3.053429e+00
6.106858e+00
4.625485e-02
4.124145e+00
2.286616e+00
9.055178e+00
0.000000e+00
0.000000e+00
6.407998e+00
6.499468e+00
4.052074e+00
2.026037e+00
4.961770e+00
9.923541e+00
5.427288e+00
5.989187e+00
2.026037e+00
4.052074e+00
1.225870e+01
1.180025e+01
9.055178e+00
6.768562e+00
1.225870e+01
4.584491e-01
6.407998e+00
-9.146973e-02
1.126558e+01
1.598007e+01
-3.430725e+00
8.572633e+00
-5.618988e-01
5.427288e+00
4.296735e+00
4.719323e+00
2.380020e+00
4.760041e+00
0.000000e+00
0.000000e+00
0.000000e+00
0.000000e+00
0.000000e+00
0.000000e+00
0.000000e+00
0.000000e+00
0.000000e+00
0.000000e+00
0.000000e+00
0.000000e+00
