81 2
-1.000000 -1.000000
-1.000000 0.000000
-1.000000 1.000000
0.000000 -1.000000
0.000000 0.000000
0.000000 1.000000
1.000000 -1.000000
1.000000 0.000000
1.000000 1.000000
-0.500000 -0.500000
-0.500000 -1.000000
-1.000000 -0.500000
-0.500000 0.000000
-0.500000 0.500000
-1.000000 0.500000
-0.500000 1.000000
0.000000 -0.500000
0.500000 -0.500000
0.500000 -1.000000
0.000000 0.500000
0.500000 0.000000
0.500000 0.500000
0.500000 1.000000
1.000000 -0.500000
1.000000 0.500000
-0.750000 -0.750000
-0.750000 -1.000000
-1.000000 -0.750000
-0.750000 0.000000
-1.000000 -0.250000
-0.750000 0.250000
-1.000000 0.250000
-0.750000 1.000000
-1.000000 0.750000
-0.250000 -1.000000
0.000000 -0.750000
0.250000 -0.750000
0.250000 -1.000000
0.000000 -0.250000
-0.250000 -0.250000
-0.250000 0.000000
0.000000 0.250000
0.250000 0.000000
0.250000 0.250000
0.000000 0.750000
-0.250000 0.750000
-0.250000 1.000000
0.250000 1.000000
0.750000 -1.000000
1.000000 -0.750000
1.000000 -0.250000
0.750000 -0.250000
0.750000 0.000000
1.000000 0.250000
1.000000 0.750000
0.750000 0.750000
0.750000 1.000000
-0.250000 -0.500000
-0.500000 -0.750000
-0.750000 -0.500000
-0.500000 -0.250000
-0.250000 -0.750000
-0.750000 -0.250000
-0.250000 0.250000
-0.500000 0.250000
-0.250000 0.500000
-0.750000 0.500000
-0.500000 0.750000
-0.750000 0.750000
0.250000 -0.250000
0.250000 -0.500000
0.750000 -0.500000
0.500000 -0.750000
0.500000 -0.250000
0.750000 -0.750000
0.250000 0.750000
0.250000 0.500000
0.750000 0.250000
0.500000 0.250000
0.750000 0.500000
0.500000 0.750000
128 3
4 36 35
36 17 62
35 62 11
62 35 36
17 39 58
39 5 40
58 40 10
40 58 39
11 59 27
59 10 26
27 26 1
26 27 59
10 59 58
59 11 62
58 62 17
62 58 59
2 30 29
30 12 63
29 63 13
63 29 30
12 28 60
28 1 26
60 26 10
26 60 28
13 61 41
61 10 40
41 40 5
40 41 61
10 61 60
61 13 63
60 63 12
63 60 61
5 42 41
42 20 64
41 64 13
64 41 42
20 45 66
45 6 46
66 46 14
46 66 45
13 65 29
65 14 31
29 31 2
31 29 65
14 65 66
65 13 64
66 64 20
64 66 65
3 34 33
34 15 69
33 69 16
69 33 34
15 32 67
32 2 31
67 31 14
31 67 32
16 68 47
68 14 46
47 46 6
46 47 68
14 68 67
68 16 69
67 69 15
69 67 68
7 50 49
50 24 75
49 75 19
75 49 50
24 51 72
51 8 52
72 52 18
52 72 51
19 73 38
73 18 37
38 37 4
37 38 73
18 73 72
73 19 75
72 75 24
75 72 73
5 39 43
39 17 70
43 70 21
70 43 39
17 36 71
36 4 37
71 37 18
37 71 36
21 74 53
74 18 52
53 52 8
52 53 74
18 74 71
74 21 70
71 70 17
70 71 74
8 54 53
54 25 78
53 78 21
78 53 54
25 55 80
55 9 56
80 56 22
56 80 55
21 79 43
79 22 44
43 44 5
44 43 79
22 79 80
79 21 78
80 78 25
78 80 79
6 45 48
45 20 76
48 76 23
76 48 45
20 42 77
42 5 44
77 44 22
44 77 42
23 81 57
81 22 56
57 56 9
56 57 81
22 81 77
81 23 76
77 76 20
76 77 81
